{
    "speed": 24.5,
    "maxspeed": 27.5,
    "friction": 7.5,
    "aitfriction": 4.0,
    "downGravityOn": true,
    "jump": 14.100000381469727,
    "gravityScale": 4.099999904632568
}